image: jdzx1.jpg
resolution: 0.050000
origin: [-38.197788, -2.124998, 0.000000]
negate: 0
occupied_thresh: 0.65
free_thresh: 0.196

