image: jdzx3_psed.jpg
resolution: 0.050000
origin: [-4.939579, -23.581198, 0.000000]
negate: 0
occupied_thresh: 0.65
free_thresh: 0.196

