image: jdzx2.pgm
resolution: 0.050000
origin: [-64.801897, -2.095757, 0.000000]
negate: 0
occupied_thresh: 0.65
free_thresh: 0.196

