image: jx_3rd_floor.pgm
resolution: 0.050000
origin: [-51.944648, -10.289943, 0.000000]
negate: 0
occupied_thresh: 0.65
free_thresh: 0.196

